HUD_COLOR_1
0.9686275
0.8196079
0.8039216
1
0.909804
0.7607844
0.7921569
1
0.8196079
0.7019608
0.7686275
1
0.7019608
0.572549
0.6745098
1
0.4509804
0.3657059
0.4705883
1
HUD_COLOR_2
0.9607844
0.8784314
0.7176571
1
0.8392158
0.7294118
0.4509804
1
0.5450981
0.7490196
0.6235294
1
0.5215687
0.4941177
0.482353
1
0.3490196
0.2039216
0.3098039
1
HUD_COLOR_3
0.9529412
0.9137256
0.8627452
1
0.7529413
0.5215687
0.3215686
1
0.5372549
0.3411765
0.2156863
1
0.3686275
0.1882353
0.1372549
1
0.854902
0.7058824
0.6156863
1
HUD_COLOR_4
0.909804
0.909804
0.909804
1
1
0.7529413
0.6235294
1
0.6156863
0.7725491
0.7333333
1
0.4745098
0.6784314
0.8627452
1
0.8196079
0.4
0.4
1
HUD_COLOR_5
0.8980393
0.9765706
0.8784314
1
0.6627451
0.8666667
0.8392158
1
0.345098
0.6531373
0.6901961
1
0.2156863
0.2470588
0.3176571
1
0.2313726
0.1215686
0.1686275
1
HUD_COLOR_6
0.9960785
0.8156863
0.7333333
1
0.9882354
0.7254902
0.6980392
1
0.6980392
0.227451
0.282353
1
0.5490196
0.1843137
0.2235294
1
0.2745098
0.07058824
0.1254902
1
HUD_COLOR_7
0.8980393
0.8156863
0.8000001
1
0.7490196
0.6745098
0.7098039
1
0.4980392
0.482353
0.509804
1
0.2666667
0.2705882
0.3294118
1
0.09019608
0.1294118
0.1294118
1
HUD_COLOR_8
0.9607844
0.8274511
0.7843138
1
0.7372549
0.7411765
0.7529413
1
0.5411765
0.5529412
0.5686275
1
0.3372549
0.345098
0.3411765
1
0.4509804
0.2941177
0.3686275
1
HUD_COLOR_9
0.9657059
0.9058824
0.7960785
1
0.454902
0.8274511
0.682353
1
0.6509804
0.7686275
0.5411765
1
0.4039216
0.5529412
0.345098
1
0.4196079
0.4431373
0.4941177
1
HUD_COLOR_10
0.8588236
0.7294118
0.8666667
1
0.8470589
0.882353
1
1
0.5882353
0.8039216
1
1
0.4117657
0.8666667
1
1
0.7450981
0.572549
0.6352941
1
HUD_COLOR_11
0.7921569
0.6588235
0.9607844
1
0.8745099
0.6
0.9411765
1
0.6941177
0.5686275
1
1
0.6078432
0.6235294
0.7098039
1
0.4235294
0.4117657
0.5529412
1
HUD_COLOR_12
0.5960785
0.6509804
0.8313726
1
0.4627451
0.5803922
0.6235294
1
0.4156863
0.4196079
0.5137255
1
0.3372549
0.3019608
0.5019608
1
0.2666667
0.2039216
0.3098039
1
HUD_COLOR_13
0.8784314
0.8862746
0.8588236
1
0.8235295
0.8313726
0.7843138
1
0.8274511
0.937255
0.7411765
1
0.1803922
0.2078432
0.1960784
1
0.5450981
0.1490196
0.2078432
1
HUD_COLOR_14
0.6313726
0.8235295
0.8078432
1
0.4705883
0.7921569
0.8235295
1
0.1098039
0.4470589
0.5765706
1
0.04313726
0.2235294
0.3294118
1
0.1607843
0.4509804
0.4509804
1
HUD_COLOR_15
0.9568628
0.9568628
0.9657059
1
0.9019608
0.9019608
0.9137256
1
0.6
0.6
0.6313726
1
0.4
0.4
0.4313726
1
0
0
0
1
