HUDDESIGNER_Square_1
00000000000000000000
00000000000000000000
00000000000000000000
00000000000000000000
00000000000000000000
00000000000000000000
00111111111111111100
00100000000000000100
00100000000000000100
00100000000000000100
00100000000000000100
00100000000000000100
00100000000000000100
00111111111111111100
00000000000000000000
00000000000000000000
00000000000000000000
00000000000000000000
00000000000000000000
00000000000000000000
HUDDESIGNER_Square_4
00000000000000000000
00000000000000000000
00000000000000000000
00000000000000000000
00000000000000000000
00000000000000000000
00011111110000000000
00100000000000000000
00100000000000000100
00100000000000000100
00100000000000000100
00100000000000000100
00110000000000001100
00011110000011111000
00000000000000000000
00000000000000000000
00000000000000000000
00000000000000000000
00000000000000000000
00000000000000000000
HUDDESIGNER_Square_5
00000000000000000000
00000000000000000000
00000000000000000000
00000000000000000000
00000000000000000000
00000000000000000000
00000000000111111100
00000000000000000100
00000000000000000100
00000000000000000100
00000000000000000100
00000000000000000100
00000000000000000100
00111111111111111100
00000000000000000000
00000000000000000000
00000000000000000000
00000000000000000000
00000000000000000000
00000000000000000000
HUDDESIGNER_Square_6
00000000000000000000
00000000000000000000
00000000000000000000
00000000000000000000
00000000000000000000
00000000000000000000
00111111111111111100
00100000000000000100
00100000000000000100
00100000000000000100
00100000000000000100
00100000000000000100
00100000000000000100
00111111111111111100
00000000000000000000
00000000000000000000
00000000000000000000
00000000000000000000
00000000000000000000
00000000000000000000
HUDDESIGNER_Square_8
00000000000000000000
00000000000000000000
00000000000000000000
00000000000000000000
00000000000000000000
00001111111111110000
00000000000000000000
00000000000000000000
00000000000000000000
00000000000000000000
00000000000000000000
00000000000000000000
00000000000000000000
00000000000000000000
00001111111111110000
00000000000000000000
00000000000000000000
00000000000000000000
00000000000000000000
00000000000000000000
HUDDESIGNER_Square_9
00000000000000000000
00000000000000000000
00000000000000000000
00000000000000000000
00001111111111110000
00000000000000000000
00000000000000000000
00000000000000000000
01000000000000000010
01000000000000000010
01000000000000000010
01000000000000000010
00000000000000000000
00000000000000000000
00000000000000000000
00001111111111110000
00000000000000000000
00000000000000000000
00000000000000000000
00000000000000000000
HUDDESIGNER_Square_10
00000000000000000000
00000000000000000000
00000000000000000000
00000000000000000000
00001111111111110000
00000000000000000000
00000000000000000000
00000000000000000000
01000000000000000010
01000000000000000010
01000000000000000010
01000000000000000010
00000000000000000000
00000000000000000000
00000000000000000000
00001111111111110000
00000000000000000000
00000000000000000000
00000000000000000000
00000000000000000000
HUDDESIGNER_Square_11
00000000000000000000
00000000000000000000
00000000000000000000
00000000000000000000
00000000000000000000
00000000000000000000
00111111111111111100
00100000000000000100
00100000000000000100
00100000000000000100
00100000000000000100
00100000000000000100
00100000000000000100
00111111111111111100
00000000000000000000
00000000000000000000
00000000000000000000
00000000000000000000
00000000000000000000
00000000000000000000
HUDDESIGNER_Square_12
00000000000000000000
00000000000000000000
00000000000000000000
00000000000000000000
00000000000000000000
00000000000000000000
00111111110000000000
00100000000000000000
00100000000000000000
00100000000000000000
00100000000000000100
00100000000000000100
00100000000000000100
00111111111111111100
00000000000000000000
00000000000000000000
00000000000000000000
00000000000000000000
00000000000000000000
00000000000000000000
HUDDESIGNER_Square_13
00000000000000000000
00000000000000000000
00000000000000000000
00000000000000000000
00000000000000000000
00000000000000000000
00111111111111111100
00100000000000000100
00100000000000000100
00100000000000000100
00100000000000000100
00100000000000000100
00100000000000000100
00111111111111111100
00000000000000000000
00000000000000000000
00000000000000000000
00000000000000000000
00000000000000000000
00000000000000000000
HUDDESIGNER_Square_14
00000000000000000000
00000000000000000000
00000000000000000000
00000000000000000000
00000000000000000000
00011111111111111100
00000000000000000100
00000000000000000100
00000000000000000100
00000000000000000100
00000000000000000100
00000000000000000100
00000000000000000100
00000000000000000000
00000000000000000000
00000000000000000000
00000000000000000000
00000000000000000000
00000000000000000000
00000000000000000000
HUDDESIGNER_Square_15
00000000000000000000
00000000000000000000
00000000000000000000
00000000000000000000
00000000000000000000
00000000000000000000
00000000000000000000
01000000000000000100
01000000000000000100
01000000000000000100
01000000000000000100
01000000000000000100
01000000000000000100
01000111111111111100
00000000000000000000
00000000000000000000
00000000000000000000
00000000000000000000
00000000000000000000
00000000000000000000
HUDDESIGNER_Square_16
00000000000000000000
00000000000000000000
00000000000000000000
00000000000000000000
00000000000000000000
00001111111111110000
00000000000000000000
00000000000000000000
00000000000000000000
00000000000000000000
00000000000000000000
00000000000000000000
00000000000000000000
00001111111111110000
00001111111111110000
00000000000000000000
00000000000000000000
00000000000000000000
00000000000000000000
00000000000000000000
HUDDESIGNER_Square_17
00000000000000000000
00000000000000000000
00000000000000000000
00000000000000000000
00000000000000000000
00000000000000000000
00111111111111111100
00100000000000000100
00100000000000000100
00100000000000000100
00100000000000000100
00100000000000000100
00100000000000000100
00111111111111111100
00000000000000000000
00000000000000000000
00000000000000000000
00000000000000000000
00000000000000000000
00000000000000000000
HUDDESIGNER_Square_18
00000000000000000000
00000000000000000000
00000000000000000000
00000000000000000000
11111000000000000000
11110000000000000000
11100000000000000000
11000000000000000000
10000000000000000000
00000000000000000000
00000000000000000000
00000000000000000001
00000000000000000011
00000000000000000111
00000000000000001111
00000000000000011111
00000000000000000000
00000000000000000000
00000000000000000000
00000000000000000000
HUDDESIGNER_Square_19
00000000000000000000
00000000000000000000
00000000000000000000
00000000000000000000
00110000000000001100
01100000000000000110
00000000000000000000
00000000000000000000
01000000000000000010
01100000000000000110
01100000000000000110
01000000000000000010
00000000000000000000
00000000000000000000
01100000000000000110
00110000000000001100
00000000000000000000
00000000000000000000
00000000000000000000
00000000000000000000
HUDDESIGNER_Square_20
00000000000000000000
00000000000000000000
00000000000000000000
00000000000000000000
00000000000000000000
00000000000000000000
00001111111111110000
00010000000000001000
00100000000000000100
00100000000000000100
00100000000000000100
00100000000000000100
00010000000000001000
00001111111111110000
00000000000000000000
00000000000000000000
00000000000000000000
00000000000000000000
00000000000000000000
00000000000000000000
HUDDESIGNER_Square_21
00000000000000000000
00000000000000000000
00000000000000000000
00000000000000000000
00000111111111000000
00000000000000000000
00000000000000000000
00010000000000001000
00010000000000001000
00100000000000000100
00100000000000000100
00010000000000001000
00010000000000001000
00000000000000000000
00000000000000000000
00000011111111000000
00000000000000000000
00000000000000000000
00000000000000000000
00000000000000000000
HUDDESIGNER_Square_22
00000000000000000000
00000000000000000000
00000000000000000000
00000000000000000000
00000000000000000000
00000000000000000000
00001111111111110000
00010000000000001000
00110000000000001100
00100000000000000100
00100000000000000100
00100000000000000100
00000000000000000000
00000000000000000000
00000000000000000000
00000111111111100000
00000000000000000000
00000000000000000000
00000000000000000000
00000000000000000000
HUDDESIGNER_Square_23
00000000000000000000
00000000000000000000
00000000000000000000
00000000000000000000
00000011111110000000
00000000000000000000
00000000000000000000
01000000000000000010
01000000000000000010
01000000000000000010
01000000000000000010
01000000000000000010
01000000000000000010
00000000000000000000
00000000000000000000
00000011111110000000
00000000000000000000
00000000000000000000
00000000000000000000
00000000000000000000
HUDDESIGNER_Square_24
00000000000000000000
00000000000000000000
00000000000000000000
00000111111111100000
00001111111111110000
00000000000000000000
00000000000000000000
10000000000000000001
10000000000000000001
10000000000000000001
10000000000000000001
10000000000000000001
10000000000000000001
00000000000000000000
00000000000000000000
00001111111111110000
00000111111111100000
00000000000000000000
00000000000000000000
00000000000000000000
HUDDESIGNER_Square_25
00000000000000000000
00000000000000000000
00000000000000000000
00000000000000000000
00000000000000000000
00000000000000000000
01111000000000011110
01000000000000000010
01000000000000000010
01000000000000000010
01000000000000000010
01000000000000000010
01000000000000000010
00000000000000000000
00000001111100000000
00011111111111111000
00000000000000000000
00000000000000000000
00000000000000000000
00000000000000000000
HUDDESIGNER_Square_7
00000000000000000000
00000000000000000000
00000000000000000000
00000000000000000000
00000000000000000000
00000000000000000000
00011111111111111100
00100000000000000100
00100000000000000100
00100000000000000100
00100000000000000100
00100000000000000100
00100000000000000100
00111111111111111100
00000000000000000000
00000000000000000000
00000000000000000000
00000000000000000000
00000000000000000000
00000000000000000000
HUDDESIGNER_Square_3
00000000000000000000
00000000000000000000
00000000000000000000
00000000000000000000
00000000000000000000
00000000000000000000
00011111111111111000
00100000000000000100
00100000000000000100
00100000000000000100
00100000000000000100
00100000000000000100
00100000000000000100
00011111111111111000
00000000000000000000
00000000000000000000
00000000000000000000
00000000000000000000
00000000000000000000
00000000000000000000
HUDDESIGNER_Square_2
00000000000000000000
00000000000000000000
00000000000000000000
00000000000000000000
00000000000000000000
00000000000000000000
01000000000000000010
01000000000000000010
01000000000000000010
01000000000000000010
01000000000000000010
01000000000000000010
01000000000000000010
01111111111111111110
00000000000000000000
00000000000000000000
00000000000000000000
00000000000000000000
00000000000000000000
00000000000000000000
